,Dark Roast Coffee,Mocha Coffee,Lemon Tea,Black Tea,Ginger Spice Tea,Light Coffee
Dark Roast Coffee,0,38158,16531,1934,46261,37035
Mocha Coffee,38158,0,28622,2386,81739,73783
Lemon Tea,16531,28622,0,2263,155179,22783
Black Tea,1934,2386,2263,0,6456,2696
Ginger Spice Tea,46261,81739,155179,6456,0,65505
Light Coffee,37035,73783,22783,2696,65505,0
,,,,,,
,,,,,,
,,,,,,